1.971146707310005297e-01
1.894052319066042989e-01
9.033703546362479297e-01
4.692282716864397685e-01
3.158417086129663431e-01
5.731645687346755835e-01
1.483188083450149852e-01
7.640182392761650787e-01
1.107060404898044803e-01
6.533142150981110508e-01
7.045506024846603932e-01
3.237242450053395837e-01
8.919086478372160176e-01
4.940073781541666209e-01
3.282401495789136758e-01
8.137003245864475875e-01
6.814613718779661822e-01
7.426858554467443696e-01
3.163100153389519775e-02
7.991186827474027199e-01
8.435090964879372599e-01
6.181734721635607777e-01
7.304934371666423898e-01
4.959173843250670455e-01
2.728100837408878876e-01
1.133849549317026417e-01
2.860130658030369810e-01
4.608275188903457886e-01
3.771187076665175608e-01
6.712654179558823486e-01
5.436268369914998289e-01
3.929871971201966963e-01
1.122560109448436094e-01
1.798062252046139786e-02
3.213115875668202115e-01
9.371358037011103814e-01
3.794796691060993155e-01
4.018926738813309862e-01
5.978678440989395604e-01
4.141592945760541600e-01
8.034012234800381735e-01
9.318543774151410997e-02
3.383536534997266809e-01
2.268757757422696919e-01
1.124786341395734857e-01
6.374157996093851031e-01
8.122925158797770218e-01
7.595441664425223172e-01
7.942263130909984481e-01
8.335029862045731930e-01
4.754714252529469443e-01
4.228165799010932258e-01
4.573415136211391729e-01
6.540370659965958344e-01
4.521716902270925820e-01
4.449982673272284694e-01
5.749979953657112786e-01
5.127147775407134844e-01
7.232280800841320856e-01
3.017078289833564630e-01
6.571242447170037027e-01
2.865845454335260722e-01
2.583705938536157154e-01
6.755072700993072221e-01
1.783999288478443912e-02
8.993364061966757639e-01
3.812207580597359868e-02
5.322401851240098347e-01
7.219929965683905548e-01
9.403598088539903976e-01
3.100787130587270291e-01
8.729954349139364966e-01
5.545591544846201204e-01
7.869917335363743049e-01
9.568275358700037980e-01
7.804913427908608536e-01
1.021637814242771780e-01
8.085872460148234575e-01
4.587467590383698113e-01
5.948013933025986244e-02
4.624631461679609146e-01
2.555559442153912952e-01
9.877161031992640616e-01
7.286384160566294899e-01
2.185989095267685256e-01
6.652832897618502495e-01
9.773821824625661403e-01
9.331171167678531386e-01
9.984069293136856871e-01
1.109720530478235379e-01
9.960888274031532985e-01
8.318604406396502560e-01
5.401652864017305600e-01
8.764552670135586920e-01
9.942314340956411867e-01
3.199564840775576124e-01
8.410148771035519388e-03
4.837739333532741215e-01
8.033533688629141967e-01
1.695090753007209017e-01
1.590752967162952780e-01
6.507298387605444656e-01
2.442006096508485546e-01
5.111717856075814748e-01
1.745529722185729105e-01
1.313403808856916655e-03
5.218374355098903683e-01
1.684711486386338830e-01
1.921594237574791864e-01
5.503993326905973760e-01
4.046044628101523877e-01
1.010261330570204619e-01
5.660452537430128439e-01
9.190778437647847410e-01
6.244878846278214546e-01
4.035023539857992558e-01
4.320583318003192730e-01
9.931082650484401864e-02
9.766796918020349549e-01
5.217779223333438576e-01
2.661646316639192378e-01
9.126735919249335804e-01
8.499930488015260410e-01
8.072772542654231831e-01
5.032417842071579273e-01
3.079480832512238031e-01
2.929064975861213060e-01
8.510112233036281060e-01
1.670987779706029075e-01
2.154872637803216806e-01
7.555659069865837685e-01
6.174212527999853872e-01
8.798595899121717245e-01
3.302588473779340950e-01
4.081321786913469918e-01
7.904236510511847280e-01
3.953244750180292533e-01
4.109037744275804149e-01
9.192448676814712893e-02
1.524647001100027932e-01
1.818557162264228255e-01
8.681337057389378886e-01
6.815309794500610252e-01
5.227445629260464299e-01
4.030061661770314441e-01
4.745243825363447687e-01
9.585975372355759472e-01
1.138444855479388007e-01
7.008327063429612425e-01
2.836083408385461357e-01
8.584709422096536979e-01
6.289490322347200957e-01
5.084637258991633324e-01
8.478761537504165835e-01
1.156049521707351868e-01
3.943679857188143734e-01
7.608157928617456101e-01
5.399005350016095051e-01
9.712626452002998123e-01
5.462995386306194190e-01
3.311728189170295433e-01
8.261237611606083719e-01
9.195656617062197835e-01
4.237384143050517693e-01
8.898521199044598928e-01
2.928763950547990103e-01
4.831016660511111560e-01
1.610650414078212966e-01
9.671339993534248114e-01
8.505992569406720660e-01
4.510891267499393953e-01
6.181594976306770128e-03
1.421435304210690864e-01
6.652193912619119853e-01
2.409338279566024532e-01
9.467419693680734216e-01
8.032336909340729303e-01
4.421511109507363368e-01
3.192127703305732700e-01
2.338242882710894754e-01
1.385348982801924977e-01
8.794007564640085040e-01
8.522249206155538825e-01
3.666437907634174653e-01
6.299844198927467831e-01
4.270517760254225470e-01
1.737186007101523266e-01
9.759761300892004776e-01
3.695370839825001807e-01
9.607136059995216026e-01
4.462497539638980992e-01
2.871185735742868284e-01
9.234722552656924321e-01
9.689516724779765333e-01
1.029278472047676640e-01
1.540299572276118134e-01
7.945684517203265296e-01
8.781152134592348224e-01
8.556760928993611959e-01
5.239724258912709098e-01
7.877827339655739669e-01
8.400911772946809686e-01
5.640021592956213636e-01
4.809777033482309783e-01
6.580137826512763022e-01
5.826504737674148560e-01
1.441701766623066927e-01
4.929753864446931866e-01
3.084726873982439610e-01
9.981272586686563697e-01
9.781241761233719911e-01
2.847559383210006567e-01
3.554230623597515182e-01
3.301202916605991966e-01
2.901433184922614927e-01
2.542423835112946895e-01
5.956305081711235072e-01
2.314046886764102862e-01
3.976647719008764570e-01
6.414345774461464034e-01
9.199876306032831463e-01
